  Iter            Time Ekin = 3kT/2 [m u_fluid [c]  x1              x2              x3           q_tot    <m|u|> [mec] <m v.u> [mec^2] <m u.u> [me^2c^     <v.v> [c^2]
     0   0.0000000       0.0000000      0.14552317E-04 -0.17492162E-04  0.34733122E-04  -500.00000       0.0000000       0.0000000       0.0000000      0.29816103E-03
     1  0.99000000E-02   0.0000000      0.14552317E-04 -0.17492162E-04  0.34733122E-04  -500.00000       0.0000000       0.0000000       0.0000000      0.29816103E-03
     2  0.19800000E-01   0.0000000      0.14550888E-04 -0.17490443E-04  0.34729713E-04  -500.00000       0.0000000       0.0000000       0.0000000      0.29816037E-03
     3  0.29700000E-01   0.0000000      0.14548016E-04 -0.17487033E-04  0.34722947E-04  -500.00000       0.0000000       0.0000000       0.0000000      0.29815969E-03
     4  0.39600000E-01   0.0000000      0.14543700E-04 -0.17481906E-04  0.34712689E-04  -500.00000       0.0000000       0.0000000       0.0000000      0.29815861E-03
     5  0.49500000E-01   0.0000000      0.14537939E-04 -0.17475079E-04  0.34699163E-04  -500.00000       0.0000000       0.0000000       0.0000000      0.29815745E-03
     6  0.59400000E-01   0.0000000      0.14530727E-04 -0.17466549E-04  0.34682058E-04  -500.00000       0.0000000       0.0000000       0.0000000      0.29815596E-03
     7  0.69300000E-01   0.0000000      0.14522045E-04 -0.17456325E-04  0.34661697E-04  -500.00000       0.0000000       0.0000000       0.0000000      0.29815434E-03
     8  0.79200000E-01   0.0000000      0.14511877E-04 -0.17444280E-04  0.34637886E-04  -500.00000       0.0000000       0.0000000       0.0000000      0.29815244E-03
     9  0.89100000E-01   0.0000000      0.14500213E-04 -0.17430583E-04  0.34610699E-04  -500.00000       0.0000000       0.0000000       0.0000000      0.29815033E-03
    10  0.99000000E-01   0.0000000      0.14487077E-04 -0.17415096E-04  0.34580191E-04  -500.00000       0.0000000       0.0000000       0.0000000      0.29814802E-03
    11  0.10890000       0.0000000      0.14472463E-04 -0.17398005E-04  0.34546263E-04  -500.00000       0.0000000       0.0000000       0.0000000      0.29814546E-03
    12  0.11880000       0.0000000      0.14456346E-04 -0.17379197E-04  0.34509011E-04  -500.00000       0.0000000       0.0000000       0.0000000      0.29814276E-03
    13  0.12870000       0.0000000      0.14438723E-04 -0.17358597E-04  0.34468227E-04  -500.00000       0.0000000       0.0000000       0.0000000      0.29813981E-03
    14  0.13860000       0.0000000      0.14419563E-04 -0.17336383E-04  0.34424258E-04  -500.00000       0.0000000       0.0000000       0.0000000      0.29813672E-03
    15  0.14850000       0.0000000      0.14398873E-04 -0.17312308E-04  0.34376774E-04  -500.00000       0.0000000       0.0000000       0.0000000      0.29813339E-03
    16  0.15840000       0.0000000      0.14376653E-04 -0.17286707E-04  0.34325934E-04  -500.00000       0.0000000       0.0000000       0.0000000      0.29812994E-03
    17  0.16830000       0.0000000      0.14352911E-04 -0.17259170E-04  0.34271695E-04  -500.00000       0.0000000       0.0000000       0.0000000      0.29812625E-03
    18  0.17820000       0.0000000      0.14327670E-04 -0.17230140E-04  0.34214042E-04  -500.00000       0.0000000       0.0000000       0.0000000      0.29812245E-03
    19  0.18810000       0.0000000      0.14300952E-04 -0.17199448E-04  0.34153161E-04  -500.00000       0.0000000       0.0000000       0.0000000      0.29811847E-03
    20  0.19800000       0.0000000      0.14272726E-04 -0.17167114E-04  0.34088750E-04  -500.00000       0.0000000       0.0000000       0.0000000      0.29811434E-03
    21  0.20790000       0.0000000      0.14242880E-04 -0.17133075E-04  0.34021080E-04  -500.00000       0.0000000       0.0000000       0.0000000      0.29811006E-03
    22  0.21780000       0.0000000      0.14211350E-04 -0.17097602E-04  0.33950218E-04  -500.00000       0.0000000       0.0000000       0.0000000      0.29810560E-03
    23  0.22770000       0.0000000      0.14178159E-04 -0.17060318E-04  0.33876111E-04  -500.00000       0.0000000       0.0000000       0.0000000      0.29810102E-03
    24  0.23760000       0.0000000      0.14143330E-04 -0.17021173E-04  0.33798573E-04  -500.00000       0.0000000       0.0000000       0.0000000      0.29809628E-03
    25  0.24750000       0.0000000      0.14106929E-04 -0.16980680E-04  0.33717504E-04  -500.00000       0.0000000       0.0000000       0.0000000      0.29809146E-03
    26  0.25740000       0.0000000      0.14068945E-04 -0.16937870E-04  0.33633513E-04  -500.00000       0.0000000       0.0000000       0.0000000      0.29808649E-03
    27  0.26730000       0.0000000      0.14029342E-04 -0.16893891E-04  0.33546204E-04  -500.00000       0.0000000       0.0000000       0.0000000      0.29808144E-03
    28  0.27720000       0.0000000      0.13988254E-04 -0.16848198E-04  0.33455308E-04  -500.00000       0.0000000       0.0000000       0.0000000      0.29807623E-03
    29  0.28710000       0.0000000      0.13945725E-04 -0.16800814E-04  0.33361315E-04  -500.00000       0.0000000       0.0000000       0.0000000      0.29807095E-03
    30  0.29700000       0.0000000      0.13901735E-04 -0.16751992E-04  0.33263778E-04  -500.00000       0.0000000       0.0000000       0.0000000      0.29806555E-03
    31  0.30690000       0.0000000      0.13856342E-04 -0.16701109E-04  0.33163108E-04  -500.00000       0.0000000       0.0000000       0.0000000      0.29806005E-03
    32  0.31680000       0.0000000      0.13809613E-04 -0.16648944E-04  0.33059063E-04  -500.00000       0.0000000       0.0000000       0.0000000      0.29805446E-03
    33  0.32670000       0.0000000      0.13761600E-04 -0.16594791E-04  0.32952038E-04  -500.00000       0.0000000       0.0000000       0.0000000      0.29804878E-03
    34  0.33660000       0.0000000      0.13712310E-04 -0.16539136E-04  0.32841954E-04  -500.00000       0.0000000       0.0000000       0.0000000      0.29804301E-03
    35  0.34650000       0.0000000      0.13661759E-04 -0.16482053E-04  0.32728225E-04  -500.00000       0.0000000       0.0000000       0.0000000      0.29803714E-03
    36  0.35640000       0.0000000      0.13609917E-04 -0.16422808E-04  0.32611560E-04  -500.00000       0.0000000       0.0000000       0.0000000      0.29803121E-03
    37  0.36630000       0.0000000      0.13556774E-04 -0.16362562E-04  0.32491702E-04  -500.00000       0.0000000       0.0000000       0.0000000      0.29802514E-03
    38  0.37620000       0.0000000      0.13502273E-04 -0.16300596E-04  0.32368647E-04  -500.00000       0.0000000       0.0000000       0.0000000      0.29801902E-03
    39  0.38610000       0.0000000      0.13446394E-04 -0.16236704E-04  0.32242369E-04  -500.00000       0.0000000       0.0000000       0.0000000      0.29801281E-03
    40  0.39600000       0.0000000      0.13389146E-04 -0.16171600E-04  0.32112813E-04  -500.00000       0.0000000       0.0000000       0.0000000      0.29800656E-03
    41  0.40590000       0.0000000      0.13330560E-04 -0.16104769E-04  0.31980021E-04  -500.00000       0.0000000       0.0000000       0.0000000      0.29800024E-03
    42  0.41580000       0.0000000      0.13270706E-04 -0.16036469E-04  0.31844741E-04  -500.00000       0.0000000       0.0000000       0.0000000      0.29799386E-03
    43  0.42570000       0.0000000      0.13209452E-04 -0.15966689E-04  0.31706207E-04  -500.00000       0.0000000       0.0000000       0.0000000      0.29798745E-03
    44  0.43560000       0.0000000      0.13146730E-04 -0.15895050E-04  0.31564629E-04  -500.00000       0.0000000       0.0000000       0.0000000      0.29798096E-03
    45  0.44550000       0.0000000      0.13082483E-04 -0.15821872E-04  0.31419679E-04  -500.00000       0.0000000       0.0000000       0.0000000      0.29797446E-03
    46  0.45540000       0.0000000      0.13016683E-04 -0.15746946E-04  0.31271397E-04  -500.00000       0.0000000       0.0000000       0.0000000      0.29796790E-03
    47  0.46530000       0.0000000      0.12949415E-04 -0.15670636E-04  0.31120210E-04  -500.00000       0.0000000       0.0000000       0.0000000      0.29796131E-03
    48  0.47520000       0.0000000      0.12880725E-04 -0.15592956E-04  0.30966014E-04  -500.00000       0.0000000       0.0000000       0.0000000      0.29795468E-03
    49  0.48510000       0.0000000      0.12810665E-04 -0.15513734E-04  0.30808955E-04  -500.00000       0.0000000       0.0000000       0.0000000      0.29794804E-03
    50  0.49500000       0.0000000      0.12739326E-04 -0.15433195E-04  0.30648668E-04  -500.00000       0.0000000       0.0000000       0.0000000      0.29794139E-03
    51  0.50490000       0.0000000      0.12666811E-04 -0.15351025E-04  0.30485537E-04  -500.00000       0.0000000       0.0000000       0.0000000      0.29793472E-03
    52  0.51480000       0.0000000      0.12593166E-04 -0.15267423E-04  0.30318909E-04  -500.00000       0.0000000       0.0000000       0.0000000      0.29792804E-03
    53  0.52470000       0.0000000      0.12518437E-04 -0.15182674E-04  0.30149688E-04  -500.00000       0.0000000       0.0000000       0.0000000      0.29792132E-03
    54  0.53460000       0.0000000      0.12442638E-04 -0.15095997E-04  0.29977312E-04  -500.00000       0.0000000       0.0000000       0.0000000      0.29791460E-03
    55  0.54450000       0.0000000      0.12365848E-04 -0.15007347E-04  0.29802400E-04  -500.00000       0.0000000       0.0000000       0.0000000      0.29790784E-03
    56  0.55440000       0.0000000      0.12288217E-04 -0.14917869E-04  0.29624509E-04  -500.00000       0.0000000       0.0000000       0.0000000      0.29790111E-03
    57  0.56430000       0.0000000      0.12209768E-04 -0.14826693E-04  0.29443778E-04  -500.00000       0.0000000       0.0000000       0.0000000      0.29789440E-03
    58  0.57420000       0.0000000      0.12130523E-04 -0.14733865E-04  0.29260075E-04  -500.00000       0.0000000       0.0000000       0.0000000      0.29788769E-03
    59  0.58410000       0.0000000      0.12050471E-04 -0.14640196E-04  0.29072938E-04  -500.00000       0.0000000       0.0000000       0.0000000      0.29788100E-03
    60  0.59400000       0.0000000      0.11969529E-04 -0.14544843E-04  0.28883343E-04  -500.00000       0.0000000       0.0000000       0.0000000      0.29787435E-03
    61  0.60390000       0.0000000      0.11887688E-04 -0.14448310E-04  0.28690562E-04  -500.00000       0.0000000       0.0000000       0.0000000      0.29786772E-03
    62  0.61380000       0.0000000      0.11804918E-04 -0.14349957E-04  0.28495936E-04  -500.00000       0.0000000       0.0000000       0.0000000      0.29786111E-03
    63  0.62370000       0.0000000      0.11721174E-04 -0.14249795E-04  0.28298004E-04  -500.00000       0.0000000       0.0000000       0.0000000      0.29785454E-03
    64  0.63360000       0.0000000      0.11636472E-04 -0.14148740E-04  0.28097439E-04  -500.00000       0.0000000       0.0000000       0.0000000      0.29784799E-03
    65  0.64350000       0.0000000      0.11550790E-04 -0.14045979E-04  0.27893676E-04  -500.00000       0.0000000       0.0000000       0.0000000      0.29784146E-03
    66  0.65340000       0.0000000      0.11464021E-04 -0.13941923E-04  0.27687453E-04  -500.00000       0.0000000       0.0000000       0.0000000      0.29783494E-03
    67  0.66330000       0.0000000      0.11376300E-04 -0.13836547E-04  0.27479142E-04  -500.00000       0.0000000       0.0000000       0.0000000      0.29782842E-03
    68  0.67320000       0.0000000      0.11287618E-04 -0.13730237E-04  0.27267560E-04  -500.00000       0.0000000       0.0000000       0.0000000      0.29782195E-03
    69  0.68310000       0.0000000      0.11198124E-04 -0.13622106E-04  0.27053542E-04  -500.00000       0.0000000       0.0000000       0.0000000      0.29781554E-03
    70  0.69300000       0.0000000      0.11107988E-04 -0.13512893E-04  0.26836532E-04  -500.00000       0.0000000       0.0000000       0.0000000      0.29780920E-03
    71  0.70290000       0.0000000      0.11017304E-04 -0.13402083E-04  0.26617318E-04  -500.00000       0.0000000       0.0000000       0.0000000      0.29780292E-03
    72  0.71280000       0.0000000      0.10926012E-04 -0.13289963E-04  0.26394916E-04  -500.00000       0.0000000       0.0000000       0.0000000      0.29779671E-03
    73  0.72270000       0.0000000      0.10834098E-04 -0.13177009E-04  0.26170166E-04  -500.00000       0.0000000       0.0000000       0.0000000      0.29779056E-03
    74  0.73260000       0.0000000      0.10741607E-04 -0.13061884E-04  0.25942037E-04  -500.00000       0.0000000       0.0000000       0.0000000      0.29778447E-03
    75  0.74250000       0.0000000      0.10648460E-04 -0.12945962E-04  0.25711825E-04  -500.00000       0.0000000       0.0000000       0.0000000      0.29777841E-03
    76  0.75240000       0.0000000      0.10554536E-04 -0.12828724E-04  0.25479747E-04  -500.00000       0.0000000       0.0000000       0.0000000      0.29777243E-03
    77  0.76230000       0.0000000      0.10459823E-04 -0.12710705E-04  0.25245133E-04  -500.00000       0.0000000       0.0000000       0.0000000      0.29776651E-03
    78  0.77220000       0.0000000      0.10364260E-04 -0.12590498E-04  0.25008100E-04  -500.00000       0.0000000       0.0000000       0.0000000      0.29776066E-03
    79  0.78210000       0.0000000      0.10267905E-04 -0.12469439E-04  0.24768524E-04  -500.00000       0.0000000       0.0000000       0.0000000      0.29775486E-03
    80  0.79200000       0.0000000      0.10170741E-04 -0.12347012E-04  0.24526397E-04  -500.00000       0.0000000       0.0000000       0.0000000      0.29774911E-03
    81  0.80190000       0.0000000      0.10072726E-04 -0.12224154E-04  0.24281461E-04  -500.00000       0.0000000       0.0000000       0.0000000      0.29774342E-03
    82  0.81180000       0.0000000      0.99738280E-05 -0.12099951E-04  0.24034407E-04  -500.00000       0.0000000       0.0000000       0.0000000      0.29773777E-03
    83  0.82170000       0.0000000      0.98741425E-05 -0.11974231E-04  0.23784548E-04  -500.00000       0.0000000       0.0000000       0.0000000      0.29773217E-03
    84  0.83160000       0.0000000      0.97736284E-05 -0.11848272E-04  0.23533546E-04  -500.00000       0.0000000       0.0000000       0.0000000      0.29772664E-03
    85  0.84150000       0.0000000      0.96722651E-05 -0.11719512E-04  0.23279324E-04  -500.00000       0.0000000       0.0000000       0.0000000      0.29772115E-03
    86  0.85140000       0.0000000      0.95700382E-05 -0.11590971E-04  0.23023253E-04  -500.00000       0.0000000       0.0000000       0.0000000      0.29771571E-03
    87  0.86130000       0.0000000      0.94668631E-05 -0.11460399E-04  0.22764845E-04  -500.00000       0.0000000       0.0000000       0.0000000      0.29771035E-03
    88  0.87120000       0.0000000      0.93626200E-05 -0.11329075E-04  0.22504000E-04  -500.00000       0.0000000       0.0000000       0.0000000      0.29770505E-03
    89  0.88110000       0.0000000      0.92572808E-05 -0.11196719E-04  0.22240740E-04  -500.00000       0.0000000       0.0000000       0.0000000      0.29769985E-03
    90  0.89100000       0.0000000      0.91508821E-05 -0.11063238E-04  0.21974644E-04  -500.00000       0.0000000       0.0000000       0.0000000      0.29769474E-03
    91  0.90090000       0.0000000      0.90433652E-05 -0.10928569E-04  0.21707617E-04  -500.00000       0.0000000       0.0000000       0.0000000      0.29768970E-03
    92  0.91080000       0.0000000      0.89347341E-05 -0.10792548E-04  0.21438398E-04  -500.00000       0.0000000       0.0000000       0.0000000      0.29768473E-03
    93  0.92070000       0.0000000      0.88249156E-05 -0.10655629E-04  0.21166940E-04  -500.00000       0.0000000       0.0000000       0.0000000      0.29767984E-03
    94  0.93060000       0.0000000      0.87138402E-05 -0.10517381E-04  0.20892972E-04  -500.00000       0.0000000       0.0000000       0.0000000      0.29767505E-03
    95  0.94050000       0.0000000      0.86016785E-05 -0.10379067E-04  0.20617414E-04  -500.00000       0.0000000       0.0000000       0.0000000      0.29767032E-03
    96  0.95040000       0.0000000      0.84883343E-05 -0.10238878E-04  0.20339933E-04  -500.00000       0.0000000       0.0000000       0.0000000      0.29766566E-03
    97  0.96030000       0.0000000      0.83737939E-05 -0.10098660E-04  0.20060940E-04  -500.00000       0.0000000       0.0000000       0.0000000      0.29766107E-03
    98  0.97020000       0.0000000      0.82581059E-05 -0.99564978E-05  0.19779399E-04  -500.00000       0.0000000       0.0000000       0.0000000      0.29765655E-03
    99  0.98010000       0.0000000      0.81412991E-05 -0.98136462E-05  0.19496127E-04  -500.00000       0.0000000       0.0000000       0.0000000      0.29765214E-03
   100  0.99000000       0.0000000      0.80234397E-05 -0.96694298E-05  0.19210942E-04  -500.00000       0.0000000       0.0000000       0.0000000      0.29764778E-03
   101  0.99990000       0.0000000      0.79046601E-05 -0.95242678E-05  0.18923379E-04  -500.00000       0.0000000       0.0000000       0.0000000      0.29764349E-03
   102   1.0098000       0.0000000      0.77851113E-05 -0.93788649E-05  0.18633643E-04  -500.00000       0.0000000       0.0000000       0.0000000      0.29763928E-03
   103   1.0197000       0.0000000      0.76648713E-05 -0.92322081E-05  0.18342456E-04  -500.00000       0.0000000       0.0000000       0.0000000      0.29763510E-03
   104   1.0296000       0.0000000      0.75439871E-05 -0.90848801E-05  0.18050107E-04  -500.00000       0.0000000       0.0000000       0.0000000      0.29763101E-03
   105   1.0395000       0.0000000      0.74225825E-05 -0.89359350E-05  0.17754913E-04  -500.00000       0.0000000       0.0000000       0.0000000      0.29762700E-03
   106   1.0494000       0.0000000      0.73007570E-05 -0.87868797E-05  0.17458918E-04  -500.00000       0.0000000       0.0000000       0.0000000      0.29762309E-03
   107   1.0593000       0.0000000      0.71784461E-05 -0.86365446E-05  0.17160679E-04  -500.00000       0.0000000       0.0000000       0.0000000      0.29761926E-03
   108   1.0692000       0.0000000      0.70556995E-05 -0.84853443E-05  0.16861299E-04  -500.00000       0.0000000       0.0000000       0.0000000      0.29761554E-03
   109   1.0791000       0.0000000      0.69325486E-05 -0.83329137E-05  0.16560015E-04  -500.00000       0.0000000       0.0000000       0.0000000      0.29761188E-03
   110   1.0890000       0.0000000      0.68092495E-05 -0.81804945E-05  0.16257223E-04  -500.00000       0.0000000       0.0000000       0.0000000      0.29760829E-03
   111   1.0989000       0.0000000      0.66858790E-05 -0.80271188E-05  0.15953067E-04  -500.00000       0.0000000       0.0000000       0.0000000      0.29760481E-03
   112   1.1088000       0.0000000      0.65624507E-05 -0.78728600E-05  0.15647152E-04  -500.00000       0.0000000       0.0000000       0.0000000      0.29760140E-03
   113   1.1187000       0.0000000      0.64389186E-05 -0.77183520E-05  0.15339722E-04  -500.00000       0.0000000       0.0000000       0.0000000      0.29759811E-03
   114   1.1286000       0.0000000      0.63152971E-05 -0.75626063E-05  0.15030631E-04  -500.00000       0.0000000       0.0000000       0.0000000      0.29759491E-03
   115   1.1385000       0.0000000      0.61916234E-05 -0.74066325E-05  0.14720106E-04  -500.00000       0.0000000       0.0000000       0.0000000      0.29759180E-03
   116   1.1484000       0.0000000      0.60678978E-05 -0.72491542E-05  0.14407312E-04  -500.00000       0.0000000       0.0000000       0.0000000      0.29758880E-03
   117   1.1583000       0.0000000      0.59440317E-05 -0.70913386E-05  0.14093931E-04  -500.00000       0.0000000       0.0000000       0.0000000      0.29758589E-03
   118   1.1682000       0.0000000      0.58199350E-05 -0.69336027E-05  0.13778113E-04  -500.00000       0.0000000       0.0000000       0.0000000      0.29758305E-03
   119   1.1781000       0.0000000      0.56955584E-05 -0.67745619E-05  0.13462229E-04  -500.00000       0.0000000       0.0000000       0.0000000      0.29758028E-03
   120   1.1880000       0.0000000      0.55708682E-05 -0.66145637E-05  0.13144557E-04  -500.00000       0.0000000       0.0000000       0.0000000      0.29757760E-03
   121   1.1979000       0.0000000      0.54460200E-05 -0.64532999E-05  0.12825894E-04  -500.00000       0.0000000       0.0000000       0.0000000      0.29757501E-03
   122   1.2078000       0.0000000      0.53210037E-05 -0.62913973E-05  0.12506045E-04  -500.00000       0.0000000       0.0000000       0.0000000      0.29757249E-03
   123   1.2177000       0.0000000      0.51957394E-05 -0.61293056E-05  0.12184752E-04  -500.00000       0.0000000       0.0000000       0.0000000      0.29757006E-03
   124   1.2276000       0.0000000      0.50701246E-05 -0.59662309E-05  0.11863249E-04  -500.00000       0.0000000       0.0000000       0.0000000      0.29756772E-03
   125   1.2375000       0.0000000      0.49439894E-05 -0.58036075E-05  0.11539817E-04  -500.00000       0.0000000       0.0000000       0.0000000      0.29756543E-03
   126   1.2474000       0.0000000      0.48172742E-05 -0.56397750E-05  0.11215444E-04  -500.00000       0.0000000       0.0000000       0.0000000      0.29756321E-03
   127   1.2573000       0.0000000      0.46900430E-05 -0.54754784E-05  0.10889325E-04  -500.00000       0.0000000       0.0000000       0.0000000      0.29756104E-03
   128   1.2672000       0.0000000      0.45624772E-05 -0.53108488E-05  0.10562595E-04  -500.00000       0.0000000       0.0000000       0.0000000      0.29755895E-03
   129   1.2771000       0.0000000      0.44346589E-05 -0.51454048E-05  0.10234427E-04  -500.00000       0.0000000       0.0000000       0.0000000      0.29755693E-03
   130   1.2870000       0.0000000      0.43066418E-05 -0.49802122E-05  0.99059576E-05  -500.00000       0.0000000       0.0000000       0.0000000      0.29755501E-03
   131   1.2969000       0.0000000      0.41783308E-05 -0.48140013E-05  0.95753359E-05  -500.00000       0.0000000       0.0000000       0.0000000      0.29755315E-03
   132   1.3068000       0.0000000      0.40497459E-05 -0.46473661E-05  0.92441286E-05  -500.00000       0.0000000       0.0000000       0.0000000      0.29755131E-03
   133   1.3167000       0.0000000      0.39209034E-05 -0.44798721E-05  0.89121737E-05  -500.00000       0.0000000       0.0000000       0.0000000      0.29754956E-03
   134   1.3266000       0.0000000      0.37917159E-05 -0.43126473E-05  0.85787720E-05  -500.00000       0.0000000       0.0000000       0.0000000      0.29754788E-03
   135   1.3365000       0.0000000      0.36619883E-05 -0.41447026E-05  0.82450390E-05  -500.00000       0.0000000       0.0000000       0.0000000      0.29754630E-03
   136   1.3464000       0.0000000      0.35317382E-05 -0.39765493E-05  0.79106384E-05  -500.00000       0.0000000       0.0000000       0.0000000      0.29754483E-03
   137   1.3563000       0.0000000      0.34009666E-05 -0.38078267E-05  0.75759177E-05  -500.00000       0.0000000       0.0000000       0.0000000      0.29754342E-03
   138   1.3662000       0.0000000      0.32698323E-05 -0.36382641E-05  0.72401727E-05  -500.00000       0.0000000       0.0000000       0.0000000      0.29754209E-03
   139   1.3761000       0.0000000      0.31383774E-05 -0.34686794E-05  0.69046735E-05  -500.00000       0.0000000       0.0000000       0.0000000      0.29754081E-03
   140   1.3860000       0.0000000      0.30066061E-05 -0.32984347E-05  0.65675575E-05  -500.00000       0.0000000       0.0000000       0.0000000      0.29753961E-03
   141   1.3959000       0.0000000      0.28745089E-05 -0.31283961E-05  0.62300850E-05  -500.00000       0.0000000       0.0000000       0.0000000      0.29753850E-03
   142   1.4058000       0.0000000      0.27420134E-05 -0.29579229E-05  0.58913733E-05  -500.00000       0.0000000       0.0000000       0.0000000      0.29753745E-03
   143   1.4157000       0.0000000      0.26091147E-05 -0.27875218E-05  0.55520775E-05  -500.00000       0.0000000       0.0000000       0.0000000      0.29753648E-03
   144   1.4256000       0.0000000      0.24759424E-05 -0.26168070E-05  0.52122742E-05  -500.00000       0.0000000       0.0000000       0.0000000      0.29753556E-03
   145   1.4355000       0.0000000      0.23424183E-05 -0.24456981E-05  0.48718864E-05  -500.00000       0.0000000       0.0000000       0.0000000      0.29753474E-03
   146   1.4454000       0.0000000      0.22085257E-05 -0.22741596E-05  0.45305401E-05  -500.00000       0.0000000       0.0000000       0.0000000      0.29753398E-03
   147   1.4553000       0.0000000      0.20742801E-05 -0.21025322E-05  0.41885589E-05  -500.00000       0.0000000       0.0000000       0.0000000      0.29753327E-03
   148   1.4652000       0.0000000      0.19397503E-05 -0.19308094E-05  0.38474326E-05  -500.00000       0.0000000       0.0000000       0.0000000      0.29753263E-03
   149   1.4751000       0.0000000      0.18052252E-05 -0.17585572E-05  0.35059023E-05  -500.00000       0.0000000       0.0000000       0.0000000      0.29753202E-03
   150   1.4850000       0.0000000      0.16708486E-05 -0.15863329E-05  0.31644089E-05  -500.00000       0.0000000       0.0000000       0.0000000      0.29753148E-03
   151   1.4949000       0.0000000      0.15366747E-05 -0.14138034E-05  0.28216774E-05  -500.00000       0.0000000       0.0000000       0.0000000      0.29753100E-03
   152   1.5048000       0.0000000      0.14027332E-05 -0.12411339E-05  0.24790992E-05  -500.00000       0.0000000       0.0000000       0.0000000      0.29753056E-03
   153   1.5147000       0.0000000      0.12689954E-05 -0.10687264E-05  0.21368275E-05  -500.00000       0.0000000       0.0000000       0.0000000      0.29753019E-03
   154   1.5246000       0.0000000      0.11353172E-05 -0.89594904E-06  0.17945019E-05  -500.00000       0.0000000       0.0000000       0.0000000      0.29752989E-03
   155   1.5345000       0.0000000      0.10015276E-05 -0.72326062E-06  0.14510426E-05  -500.00000       0.0000000       0.0000000       0.0000000      0.29752968E-03
   156   1.5444000       0.0000000      0.86755796E-06 -0.55037585E-06  0.11072364E-05  -500.00000       0.0000000       0.0000000       0.0000000      0.29752955E-03
   157   1.5543000       0.0000000      0.73333770E-06 -0.37684313E-06  0.76398355E-06  -500.00000       0.0000000       0.0000000       0.0000000      0.29752950E-03
   158   1.5642000       0.0000000      0.59884268E-06 -0.20346780E-06  0.41993524E-06  -500.00000       0.0000000       0.0000000       0.0000000      0.29752952E-03
   159   1.5741000       0.0000000      0.46399070E-06 -0.30478862E-07  0.76671890E-07  -500.00000       0.0000000       0.0000000       0.0000000      0.29752962E-03
   160   1.5840000       0.0000000      0.32877007E-06  0.14273703E-06 -0.26714211E-06  -500.00000       0.0000000       0.0000000       0.0000000      0.29752978E-03
   161   1.5939000       0.0000000      0.19312545E-06  0.31599172E-06 -0.61110273E-06  -500.00000       0.0000000       0.0000000       0.0000000      0.29753000E-03
   162   1.6038000       0.0000000      0.56993768E-07  0.48832521E-06 -0.95476247E-06  -500.00000       0.0000000       0.0000000       0.0000000      0.29753029E-03
   163   1.6137000       0.0000000     -0.79594861E-07  0.66121536E-06 -0.12987364E-05  -500.00000       0.0000000       0.0000000       0.0000000      0.29753067E-03
   164   1.6236000       0.0000000     -0.21655362E-06  0.83388710E-06 -0.16422910E-05  -500.00000       0.0000000       0.0000000       0.0000000      0.29753113E-03
   165   1.6335000       0.0000000     -0.35403261E-06  0.10072405E-05 -0.19858826E-05  -500.00000       0.0000000       0.0000000       0.0000000      0.29753164E-03
   166   1.6434000       0.0000000     -0.49194892E-06  0.11802263E-05 -0.23289131E-05  -500.00000       0.0000000       0.0000000       0.0000000      0.29753221E-03
   167   1.6533000       0.0000000     -0.63008076E-06  0.13532153E-05 -0.26721902E-05  -500.00000       0.0000000       0.0000000       0.0000000      0.29753282E-03
   168   1.6632000       0.0000000     -0.76845947E-06  0.15259112E-05 -0.30146430E-05  -500.00000       0.0000000       0.0000000       0.0000000      0.29753348E-03
   169   1.6731000       0.0000000     -0.90711669E-06  0.16979081E-05 -0.33564540E-05  -500.00000       0.0000000       0.0000000       0.0000000      0.29753418E-03
   170   1.6830000       0.0000000     -0.10461548E-05  0.18703617E-05 -0.36986159E-05  -500.00000       0.0000000       0.0000000       0.0000000      0.29753494E-03
   171   1.6929000       0.0000000     -0.11855913E-05  0.20419046E-05 -0.40400651E-05  -500.00000       0.0000000       0.0000000       0.0000000      0.29753575E-03
   172   1.7028000       0.0000000     -0.13254960E-05  0.22146125E-05 -0.43815639E-05  -500.00000       0.0000000       0.0000000       0.0000000      0.29753662E-03
   173   1.7127000       0.0000000     -0.14657907E-05  0.23859042E-05 -0.47222039E-05  -500.00000       0.0000000       0.0000000       0.0000000      0.29753757E-03
   174   1.7226000       0.0000000     -0.16063385E-05  0.25574531E-05 -0.50618735E-05  -500.00000       0.0000000       0.0000000       0.0000000      0.29753857E-03
   175   1.7325000       0.0000000     -0.17471065E-05  0.27280358E-05 -0.54010571E-05  -500.00000       0.0000000       0.0000000       0.0000000      0.29753964E-03
   176   1.7424000       0.0000000     -0.18881498E-05  0.28987269E-05 -0.57403269E-05  -500.00000       0.0000000       0.0000000       0.0000000      0.29754076E-03
   177   1.7523000       0.0000000     -0.20293623E-05  0.30692548E-05 -0.60788628E-05  -500.00000       0.0000000       0.0000000       0.0000000      0.29754195E-03
   178   1.7622000       0.0000000     -0.21706172E-05  0.32389517E-05 -0.64170015E-05  -500.00000       0.0000000       0.0000000       0.0000000      0.29754321E-03
   179   1.7721000       0.0000000     -0.23117945E-05  0.34088505E-05 -0.67543419E-05  -500.00000       0.0000000       0.0000000       0.0000000      0.29754455E-03
   180   1.7820000       0.0000000     -0.24528595E-05  0.35772305E-05 -0.70907794E-05  -500.00000       0.0000000       0.0000000       0.0000000      0.29754594E-03
   181   1.7919000       0.0000000     -0.25937112E-05  0.37475197E-05 -0.74271805E-05  -500.00000       0.0000000       0.0000000       0.0000000      0.29754740E-03
   182   1.8018000       0.0000000     -0.27343609E-05  0.39156167E-05 -0.77621402E-05  -500.00000       0.0000000       0.0000000       0.0000000      0.29754891E-03
   183   1.8117000       0.0000000     -0.28747399E-05  0.40848427E-05 -0.80968491E-05  -500.00000       0.0000000       0.0000000       0.0000000      0.29755048E-03
   184   1.8216000       0.0000000     -0.30146787E-05  0.42537039E-05 -0.84304129E-05  -500.00000       0.0000000       0.0000000       0.0000000      0.29755211E-03
   185   1.8315000       0.0000000     -0.31542178E-05  0.44215966E-05 -0.87630507E-05  -500.00000       0.0000000       0.0000000       0.0000000      0.29755375E-03
   186   1.8414000       0.0000000     -0.32933734E-05  0.45894377E-05 -0.90951230E-05  -500.00000       0.0000000       0.0000000       0.0000000      0.29755546E-03
   187   1.8513000       0.0000000     -0.34321317E-05  0.47560157E-05 -0.94261063E-05  -500.00000       0.0000000       0.0000000       0.0000000      0.29755720E-03
   188   1.8612000       0.0000000     -0.35706322E-05  0.49232741E-05 -0.97559625E-05  -500.00000       0.0000000       0.0000000       0.0000000      0.29755898E-03
   189   1.8711000       0.0000000     -0.37090293E-05  0.50885871E-05 -0.10085211E-04  -500.00000       0.0000000       0.0000000       0.0000000      0.29756076E-03
   190   1.8810000       0.0000000     -0.38474135E-05  0.52546061E-05 -0.10413496E-04  -500.00000       0.0000000       0.0000000       0.0000000      0.29756257E-03
   191   1.8909000       0.0000000     -0.39857966E-05  0.54189241E-05 -0.10740872E-04  -500.00000       0.0000000       0.0000000       0.0000000      0.29756439E-03
   192   1.9008000       0.0000000     -0.41242660E-05  0.55827294E-05 -0.11067690E-04  -500.00000       0.0000000       0.0000000       0.0000000      0.29756624E-03
   193   1.9107000       0.0000000     -0.42629631E-05  0.57460663E-05 -0.11392888E-04  -500.00000       0.0000000       0.0000000       0.0000000      0.29756810E-03
   194   1.9206000       0.0000000     -0.44018357E-05  0.59089410E-05 -0.11717521E-04  -500.00000       0.0000000       0.0000000       0.0000000      0.29756996E-03
   195   1.9305000       0.0000000     -0.45408202E-05  0.60718627E-05 -0.12040038E-04  -500.00000       0.0000000       0.0000000       0.0000000      0.29757182E-03
   196   1.9404000       0.0000000     -0.46798686E-05  0.62330970E-05 -0.12361783E-04  -500.00000       0.0000000       0.0000000       0.0000000      0.29757368E-03
   197   1.9503000       0.0000000     -0.48188245E-05  0.63948367E-05 -0.12682365E-04  -500.00000       0.0000000       0.0000000       0.0000000      0.29757554E-03
   198   1.9602000       0.0000000     -0.49577013E-05  0.65551201E-05 -0.13001659E-04  -500.00000       0.0000000       0.0000000       0.0000000      0.29757737E-03
   199   1.9701000       0.0000000     -0.50965935E-05  0.67152165E-05 -0.13320064E-04  -500.00000       0.0000000       0.0000000       0.0000000      0.29757921E-03
   200   1.9800000       0.0000000     -0.52354351E-05  0.68742645E-05 -0.13636999E-04  -500.00000       0.0000000       0.0000000       0.0000000      0.29758102E-03
   201   1.9899000       0.0000000     -0.53741440E-05  0.70326752E-05 -0.13953228E-04  -500.00000       0.0000000       0.0000000       0.0000000      0.29758283E-03
   202   1.9998000       0.0000000     -0.55126526E-05  0.71911390E-05 -0.14266932E-04  -500.00000       0.0000000       0.0000000       0.0000000      0.29758460E-03
   203   2.0097000       0.0000000     -0.56509090E-05  0.73486097E-05 -0.14579869E-04  -500.00000       0.0000000       0.0000000       0.0000000      0.29758635E-03
   204   2.0196000       0.0000000     -0.57890334E-05  0.75062602E-05 -0.14891525E-04  -500.00000       0.0000000       0.0000000       0.0000000      0.29758806E-03
   205   2.0295000       0.0000000     -0.59270226E-05  0.76624134E-05 -0.15201370E-04  -500.00000       0.0000000       0.0000000       0.0000000      0.29758972E-03
   206   2.0394000       0.0000000     -0.60648128E-05  0.78177911E-05 -0.15509754E-04  -500.00000       0.0000000       0.0000000       0.0000000      0.29759141E-03
   207   2.0493000       0.0000000     -0.62023764E-05  0.79723661E-05 -0.15816455E-04  -500.00000       0.0000000       0.0000000       0.0000000      0.29759307E-03
   208   2.0592000       0.0000000     -0.63396389E-05  0.81255725E-05 -0.16121801E-04  -500.00000       0.0000000       0.0000000       0.0000000      0.29759474E-03
   209   2.0691000       0.0000000     -0.64766179E-05  0.82785150E-05 -0.16425389E-04  -500.00000       0.0000000       0.0000000       0.0000000      0.29759637E-03
   210   2.0790000       0.0000000     -0.66133102E-05  0.84309632E-05 -0.16727100E-04  -500.00000       0.0000000       0.0000000       0.0000000      0.29759798E-03
   211   2.0889000       0.0000000     -0.67497015E-05  0.85823842E-05 -0.17026818E-04  -500.00000       0.0000000       0.0000000       0.0000000      0.29759954E-03
   212   2.0988000       0.0000000     -0.68856915E-05  0.87325445E-05 -0.17324969E-04  -500.00000       0.0000000       0.0000000       0.0000000      0.29760107E-03
   213   2.1087000       0.0000000     -0.70212707E-05  0.88821993E-05 -0.17621901E-04  -500.00000       0.0000000       0.0000000       0.0000000      0.29760260E-03
   214   2.1186000       0.0000000     -0.71564866E-05  0.90312070E-05 -0.17916959E-04  -500.00000       0.0000000       0.0000000       0.0000000      0.29760410E-03
   215   2.1285000       0.0000000     -0.72911349E-05  0.91789436E-05 -0.18210498E-04  -500.00000       0.0000000       0.0000000       0.0000000      0.29760561E-03
   216   2.1384000       0.0000000     -0.74251829E-05  0.93256479E-05 -0.18502086E-04  -500.00000       0.0000000       0.0000000       0.0000000      0.29760712E-03
   217   2.1483000       0.0000000     -0.75585466E-05  0.94715224E-05 -0.18791443E-04  -500.00000       0.0000000       0.0000000       0.0000000      0.29760866E-03
   218   2.1582000       0.0000000     -0.76913132E-05  0.96160423E-05 -0.19080015E-04  -500.00000       0.0000000       0.0000000       0.0000000      0.29761018E-03
   219   2.1681000       0.0000000     -0.78235431E-05  0.97600255E-05 -0.19365958E-04  -500.00000       0.0000000       0.0000000       0.0000000      0.29761173E-03
   220   2.1780000       0.0000000     -0.79552079E-05  0.99038679E-05 -0.19650196E-04  -500.00000       0.0000000       0.0000000       0.0000000      0.29761328E-03
   221   2.1879000       0.0000000     -0.80861919E-05  0.10046174E-04 -0.19932306E-04  -500.00000       0.0000000       0.0000000       0.0000000      0.29761485E-03
   222   2.1978000       0.0000000     -0.82164974E-05  0.10187359E-04 -0.20212730E-04  -500.00000       0.0000000       0.0000000       0.0000000      0.29761644E-03
   223   2.2077000       0.0000000     -0.83461132E-05  0.10327475E-04 -0.20491853E-04  -500.00000       0.0000000       0.0000000       0.0000000      0.29761805E-03
   224   2.2176000       0.0000000     -0.84748636E-05  0.10466229E-04 -0.20768025E-04  -500.00000       0.0000000       0.0000000       0.0000000      0.29761966E-03
   225   2.2275000       0.0000000     -0.86024971E-05  0.10604566E-04 -0.21042605E-04  -500.00000       0.0000000       0.0000000       0.0000000      0.29762127E-03
   226   2.2374000       0.0000000     -0.87289318E-05  0.10741593E-04 -0.21314852E-04  -500.00000       0.0000000       0.0000000       0.0000000      0.29762289E-03
   227   2.2473000       0.0000000     -0.88541414E-05  0.10877647E-04 -0.21585128E-04  -500.00000       0.0000000       0.0000000       0.0000000      0.29762453E-03
   228   2.2572000       0.0000000     -0.89778904E-05  0.11012949E-04 -0.21852774E-04  -500.00000       0.0000000       0.0000000       0.0000000      0.29762616E-03
   229   2.2671000       0.0000000     -0.91000221E-05  0.11147061E-04 -0.22118858E-04  -500.00000       0.0000000       0.0000000       0.0000000      0.29762778E-03
   230   2.2770000       0.0000000     -0.92204007E-05  0.11280348E-04 -0.22382859E-04  -500.00000       0.0000000       0.0000000       0.0000000      0.29762942E-03
   231   2.2869000       0.0000000     -0.93388263E-05  0.11411604E-04 -0.22644111E-04  -500.00000       0.0000000       0.0000000       0.0000000      0.29763104E-03
   232   2.2968000       0.0000000     -0.94551919E-05  0.11542233E-04 -0.22903513E-04  -500.00000       0.0000000       0.0000000       0.0000000      0.29763267E-03
   233   2.3067000       0.0000000     -0.95694727E-05  0.11671212E-04 -0.23160744E-04  -500.00000       0.0000000       0.0000000       0.0000000      0.29763427E-03
   234   2.3166000       0.0000000     -0.96816636E-05  0.11799039E-04 -0.23415409E-04  -500.00000       0.0000000       0.0000000       0.0000000      0.29763590E-03
   235   2.3265000       0.0000000     -0.97918064E-05  0.11926618E-04 -0.23667784E-04  -500.00000       0.0000000       0.0000000       0.0000000      0.29763755E-03
   236   2.3364000       0.0000000     -0.98999646E-05  0.12052523E-04 -0.23918591E-04  -500.00000       0.0000000       0.0000000       0.0000000      0.29763924E-03
   237   2.3463000       0.0000000     -0.10006239E-04  0.12177455E-04 -0.24166112E-04  -500.00000       0.0000000       0.0000000       0.0000000      0.29764096E-03
   238   2.3562000       0.0000000     -0.10110761E-04  0.12301287E-04 -0.24411598E-04  -500.00000       0.0000000       0.0000000       0.0000000      0.29764268E-03
   239   2.3661000       0.0000000     -0.10213668E-04  0.12424112E-04 -0.24654596E-04  -500.00000       0.0000000       0.0000000       0.0000000      0.29764442E-03
   240   2.3760000       0.0000000     -0.10315053E-04  0.12545999E-04 -0.24895402E-04  -500.00000       0.0000000       0.0000000       0.0000000      0.29764615E-03
   241   2.3859000       0.0000000     -0.10414943E-04  0.12666432E-04 -0.25133695E-04  -500.00000       0.0000000       0.0000000       0.0000000      0.29764791E-03
   242   2.3958000       0.0000000     -0.10513356E-04  0.12784995E-04 -0.25369447E-04  -500.00000       0.0000000       0.0000000       0.0000000      0.29764963E-03
   243   2.4057000       0.0000000     -0.10610302E-04  0.12902836E-04 -0.25602886E-04  -500.00000       0.0000000       0.0000000       0.0000000      0.29765134E-03
   244   2.4156000       0.0000000     -0.10705907E-04  0.13018465E-04 -0.25833509E-04  -500.00000       0.0000000       0.0000000       0.0000000      0.29765305E-03
   245   2.4255000       0.0000000     -0.10800295E-04  0.13133169E-04 -0.26061730E-04  -500.00000       0.0000000       0.0000000       0.0000000      0.29765474E-03
   246   2.4354000       0.0000000     -0.10893419E-04  0.13247235E-04 -0.26287127E-04  -500.00000       0.0000000       0.0000000       0.0000000      0.29765641E-03
   247   2.4453000       0.0000000     -0.10985304E-04  0.13360117E-04 -0.26510076E-04  -500.00000       0.0000000       0.0000000       0.0000000      0.29765808E-03
   248   2.4552000       0.0000000     -0.11075918E-04  0.13472248E-04 -0.26729815E-04  -500.00000       0.0000000       0.0000000       0.0000000      0.29765973E-03
   249   2.4651000       0.0000000     -0.11165220E-04  0.13582407E-04 -0.26947349E-04  -500.00000       0.0000000       0.0000000       0.0000000      0.29766136E-03
   250   2.4750000       0.0000000     -0.11253255E-04  0.13691112E-04 -0.27161966E-04  -500.00000       0.0000000       0.0000000       0.0000000      0.29766291E-03
   251   2.4849000       0.0000000     -0.11340086E-04  0.13797585E-04 -0.27374620E-04  -500.00000       0.0000000       0.0000000       0.0000000      0.29766444E-03
   252   2.4948000       0.0000000     -0.11425706E-04  0.13902958E-04 -0.27585231E-04  -500.00000       0.0000000       0.0000000       0.0000000      0.29766591E-03
   253   2.5047000       0.0000000     -0.11510127E-04  0.14007166E-04 -0.27792466E-04  -500.00000       0.0000000       0.0000000       0.0000000      0.29766740E-03
