78
150
162
435
478
549
580
731
948
1044
1052
1078
1238
1337
1345
1392
1421
1529
1535
1664
1750
1753
1863
1869
1915
1945
2139
2741
28115
28173
29290
29376
29494
29495
29557
31958
32013
33923
34006
35755
36807
36874
37658
39695
40518
42253
42354
43355
43671
43989
45067
45656
46224
47678
47847
47879
48465
49278
49447
50259
51161
55213
56055
56427
61644
63186
64969
66692
67282
67307
68238
68243
68898
69222
69368
69395
71421
72022
74348
76637
78344
81857
81895
82654
83449
83619
84022
84531
86956
88431
89051
92933
92947
97138
103733
104098
106147
107806
110933
112904
113560
114880
122586
135739
137591
138851
144026
153731
156981
157691
157779
158841
159292
159450
171865
176292
184870
185642
185761
187272
192904
195105
196627
198092
198616
200124
200253
203275
204773
212423
215200
215803
218144
224911
225084
226186
228405
228973
229919
230495
235279
236067
240427
240521
241244
242163
242619
243231
243265
243274
245187
246194
247633
249188
256037
260704
260936
264199
265311
265959
266130
266264
266834
267746
267850
272129
272630
272942
273121
274593
279446
281362
284581
287609
288705
291193
294699
300269
306263
309801
311194
312309
313367
313439
313596
313606
313612
314225
314283
314289
316058
318167
319652
321317
323097
323261
323273
325240
326297
331111
335020
335992
338963
340221
343510
349095
353852
356660
362948
363253
365044
369401
369723
371674
374514
375760
376149
377629
379731
380358
380703
382504
385682
387090
387092
390640
391165
392547
392734
394506
395492
395495
396268
398199
398511
398767
402147
402171
402881
405948
406100
406548
411903
415222
416568
417292
417367
418240
418699
428992
429009
431489
431944
433664
435591
439529
439699
440168
447679
450362
453304
453582
453842
454153
456481
457404
466109
472166
475255
482462
483423
483547
485907
485913
490189
497965
507626
509200
512762
515350
515620
517425
519421
521096
522889
525328
525367
525371
526218
526222
526226
526227
535907
546269
546271
547144
549386
550983
551115
551991
552357
553207
554083
555083
560819
568098
570521
571933
574710
575609
576131
579105
583355
584708
585524
589873
592028
592308
619741
619805
620910
624315
627444
629741
630973
634500
634765
635013
638953
640330
641691
642492
643674
644221
644284
645127
645517
645887
649761
651182
651822
652787
652788
656366
658057
658083
658445
661191
661488
661492
662755
663278
663602
664784
665126
666686
670078
679897
682795
683260
684552
685454
686309
688269
693023
696281
698738
709986
712711
717606
717774
742722
742723
742818
743720
744980
747645
748831
754093
757424
758825
759412
762213
762903
764299
765420
795644
796620
796943
797419
856730
857290
860233
863227
864051
868129
871571
871963
871968
882626
883066
883081
883113
883126
883169
885272
885475
888064
888439
904291
909626
910310
927786
929705
929713
930169
931276
943940
945681
946228
947835
953739
980251
983917
985012
992267
993071
993414
996637
997355
997873
999419
1001240
1002340
1002809
1002870
1007099
1027620
1035195
1036020
1045774
1045775
1048340
1072463
1073372
1076744
1077972
1079859
1091494
1094491
1094558
1113587
1117379
1119534
1120920
1121015
1121428
1121877
1121881
1122198
1123000
1123245
1123269
1123323
1123324
1123350
1123352
1123397
1125779
1126833
1128970
1129794
1129897
1130046
1131935
1133106
1133546
1133849
1134406
1144275
1157490
1158606
1160091
1160784
1162668
1162970
1163408
1165841
1166073
1166257
1169855
1176198
1177931
1181271
1181884
1188247
1191523
1193713
1194427
1196083
1199245
1201288
1202538
1203393
1203560
1203610
1212765
1214101
1214925
1215031
1217799
1218492
1220535
1223542
1227360
1227363
1227945
1230734
1231049
1231623
1235441
1241337
1241833
1246530
1246637
1249627
1259262
1262554
1267423
1268622
1278309
1282363
1285928
1286635
1287292
1288362
1293891
1294142
1294267
1300344
1303579
1304275
1312072
1315998
1318466
1321606
1324956
1328314
1329250
1333662
1338368
1338436
1341679
1342301
1346791
1347902
1353528
1353530
1379870
1379910
1380685
1383067
1385517
1385521
1385664
1389006
1407071
1408103
1411316
1413221
1415544
1423719
1423724
1423730
1423778
1423820
1428626
1429439
1431546
1434822
1437360
1437608
1437817
1440053
1448266
1448271
1458358
1461338
1469170
1469647
1470434
1476196
1485217
1487921
1487951
1494608
1499686
1508390
1509431
1510459
1519096
1519374
1519492
1520819
1522312
1522759
1523424
1523425
1524460
1527298
1530170
1536652
1538295
1539051
1541960
1548213
1549812
1550736
1552759
1562256
1562698
1564158
1564506
1570016
1571199
1572762
1577474
1579333
1588754
1602169
1603293
1608957
1609137
1609272
1622118
1627895
1628212
1628250
1632859
1641402
1642821
1660080
1671902
1679168
1679169
1681197
1682741
1689867
1690039
1695166
1703933
1708751
1714355
1716077
1720316
1723761
1725252
1729581
1736219
1736287
1736295
1736333
1736338
1736341
1736436
1736442
1736464
1736473
1736478
1736543
1736576
1736612
1736908
1742973
1755241
1761889
1763998
1765684
1769422
1773489
1774970
1775135
1776384
1777133
1778672
1792290
1792845
1794944
1798225
1805820
1806508
1808955
1813876
1815562
1819298
1820333
1822225
1828112
1834191
1834438
1839759
1839774
1840705
1842540
1843237
1844469
1844972
1848903
1849021
1849032
1849968
1851577
1852021
1855300
1855400
1855823
1858656
1859131
1862358
1867719
1871047
1872122
1881052
1881060
1882343
1882734
1883414
1884656
1884657
1888891
1891241
1892865
1896209
1898043
1899563
1902579
1903117
1907313
1911548
1913989
1918948
1920490
1920512
1924934
1926625
1930254
1930901
1934309
1938796
1943579
1944646
1945512
1945854
1948890
1954249
1955698
1963359
1965569
1965571
1965585
1965623
1965650
1968906
1973484
1979387
1985174
1985301
2003592
2005460
2013866
2014610
2015558
2015567
2016057
2020948
2024612
2025039
2026727
2026735
2026800
2026885
2029103
2033502
2037900
2040573
2040638
2041189
2042961
2045244
2047720
2049589
2052143
2052660
2052828
2052957
2058326
2065189
2068657
2070364
2079008
2079448
2080740
2083017
2086263
2086273
2093742
2094025
2094121
2099583
2116657
2126353
2133944
2137476
2161864
2161865
2169526
2174842
2183985
2200906
2203782
2211183
2212467
2218666
2219697
2250580
2259620
2269061
2282154
2282170
2283384
2291710
2292190
2292448
2293095
2293103
2304600
2315862
2316025
2316527
2320088
2320269
2320863
2320865
2320879
2419777
2420509
2479847
2479851
2480090
2486419
2487421
2488819
2490848
2491049
2492662
2493120
2496558
2497878
2497989
2506420
2506424
2506948
2507566
2509459
2516557
2518371
2527972
2527975
2528000
2528002
2528011
2528020
2528034
2528245
2528527
2545468
2559236
2559237
2567881
2569542
2569761
2569762
2571273
2571747
2572881
2575923
2583452
2583814
2584121
2584466
2585771
2587121
2587833
2587837
2587861
2590199
2590999
2591463
2594427
2594790
2596828
2597516
2597518
2599296
2606219
2607479
2607602
2607730
2608384
2614804
2650924
2653157
2653936
2663123
2663849
2666075
2675323
2676122
2678504
2681465
2681556
2682486
2682976
2689391
2689987
2690310
2691040
2692330
2692626
2692806
2692821
2696472
2699430
2699483
2699891
2704462
2706028
2706073
2707525
2709157
2709380
2709383
2711221
2712223
2716225
2719987
2723053
2723666
2728024
2728851
2728875
2730920
2732161
2732864
2734634
2736285
2737536
2740184
2740405
2740462
2742824
2743470
2754717
2759900
2760017
2762324
2763016
2763055
2763677
2763679
2766595
2768065
2769289
2770550
2771012
2771432
2771434
2772253
2772401
2774190
2777537
2778070
2778876
2781853
2785297
2789776
2793270
2794344
2795029
2795217
2795731
2798801
2802971
2803858
2803911
2804028
2804194
2807101
2807194
2816857
2819108
2819174
2819192
2821091
2822688
2828733
2831468
2864201
2865987
2871094
2883479
2897159
2907202
2927980
2929573
2932248
2935737
2949094
2949571
2949581
2950438
2950439
2970915
3048010
