! Kinetic energy for species "electrons"
  Iter        Time          Total Par.             Kin. Energy
     0   0.0000000              32000  7.4568520228718120E-04
     1  0.99000000E-02          32000  7.4568438788338485E-04
     2  0.19800000E-01          32000  7.4568271645968651E-04
     3  0.29700000E-01          32000  7.4568051046270377E-04
     4  0.39600000E-01          32000  7.4567770910409427E-04
     5  0.49500000E-01          32000  7.4567439203595360E-04
     6  0.59400000E-01          32000  7.4567049136635834E-04
     7  0.69300000E-01          32000  7.4566607306865537E-04
     8  0.79200000E-01          32000  7.4566105830293898E-04
     9  0.89100000E-01          32000  7.4565552830601625E-04
    10  0.99000000E-01          32000  7.4564942441656735E-04
    11  0.10890000              32000  7.4564282832229858E-04
    12  0.11880000              32000  7.4563574388198132E-04
    13  0.12870000              32000  7.4562818550181326E-04
    14  0.13860000              32000  7.4562015197105098E-04
    15  0.14850000              32000  7.4561165093701065E-04
    16  0.15840000              32000  7.4560269887146324E-04
    17  0.16830000              32000  7.4559331957930553E-04
    18  0.17820000              32000  7.4558357090828220E-04
    19  0.18810000              32000  7.4557341711264566E-04
    20  0.19800000              32000  7.4556289186757888E-04
    21  0.20790000              32000  7.4555193593855431E-04
    22  0.21780000              32000  7.4554060796953837E-04
    23  0.22770000              32000  7.4552893385734114E-04
    24  0.23760000              32000  7.4551695109626706E-04
    25  0.24750000              32000  7.4550468520022590E-04
    26  0.25740000              32000  7.4549212769226111E-04
    27  0.26730000              32000  7.4547927507203759E-04
    28  0.27720000              32000  7.4546613977485474E-04
    29  0.28710000              32000  7.4545275702542679E-04
    30  0.29700000              32000  7.4543910010804498E-04
    31  0.30690000              32000  7.4542520042755159E-04
    32  0.31680000              32000  7.4541107715549583E-04
    33  0.32670000              32000  7.4539673153295005E-04
    34  0.33660000              32000  7.4538213742340507E-04
    35  0.34650000              32000  7.4536734229693215E-04
    36  0.35640000              32000  7.4535230560562903E-04
    37  0.36630000              32000  7.4533703637503894E-04
    38  0.37620000              32000  7.4532158487289053E-04
    39  0.38610000              32000  7.4530596680131460E-04
    40  0.39600000              32000  7.4529021110399433E-04
    41  0.40590000              32000  7.4527428946731739E-04
    42  0.41580000              32000  7.4525825923840348E-04
    43  0.42570000              32000  7.4524209581735038E-04
    44  0.43560000              32000  7.4522581949493564E-04
    45  0.44550000              32000  7.4520944899203532E-04
    46  0.45540000              32000  7.4519296513529535E-04
    47  0.46530000              32000  7.4517638761351361E-04
    48  0.47520000              32000  7.4515975689624209E-04
    49  0.48510000              32000  7.4514310624156544E-04
    50  0.49500000              32000  7.4512639965623685E-04
    51  0.50490000              32000  7.4510965793905804E-04
    52  0.51480000              32000  7.4509286317791612E-04
    53  0.52470000              32000  7.4507601251752999E-04
    54  0.53460000              32000  7.4505911629790908E-04
    55  0.54450000              32000  7.4504221312371400E-04
    56  0.55440000              32000  7.4502535786966800E-04
    57  0.56430000              32000  7.4500852351100713E-04
    58  0.57420000              32000  7.4499172476208614E-04
    59  0.58410000              32000  7.4497500126060614E-04
    60  0.59400000              32000  7.4495834794475265E-04
    61  0.60390000              32000  7.4494174931969759E-04
    62  0.61380000              32000  7.4492522644203376E-04
    63  0.62370000              32000  7.4490877454184978E-04
    64  0.63360000              32000  7.4489236810662757E-04
    65  0.64350000              32000  7.4487599792595659E-04
    66  0.65340000              32000  7.4485965005373800E-04
    67  0.66330000              32000  7.4484336359432633E-04
    68  0.67320000              32000  7.4482721452504615E-04
    69  0.68310000              32000  7.4481122216488648E-04
    70  0.69300000              32000  7.4479539445316341E-04
    71  0.70290000              32000  7.4477973752431115E-04
    72  0.71280000              32000  7.4476423539847532E-04
    73  0.72270000              32000  7.4474887223237546E-04
    74  0.73260000              32000  7.4473362973541098E-04
    75  0.74250000              32000  7.4471853265085030E-04
    76  0.75240000              32000  7.4470359911924953E-04
    77  0.76230000              32000  7.4468883549993537E-04
    78  0.77220000              32000  7.4467422101416646E-04
    79  0.78210000              32000  7.4465972963567387E-04
    80  0.79200000              32000  7.4464538372979365E-04
    81  0.80190000              32000  7.4463115959333404E-04
    82  0.81180000              32000  7.4461704520799744E-04
    83  0.82170000              32000  7.4460307507886103E-04
    84  0.83160000              32000  7.4458924695476093E-04
    85  0.84150000              32000  7.4457553839328582E-04
    86  0.85140000              32000  7.4456197572580910E-04
    87  0.86130000              32000  7.4454859491086128E-04
    88  0.87120000              32000  7.4453542530993522E-04
    89  0.88110000              32000  7.4452248988089676E-04
    90  0.89100000              32000  7.4450975319364783E-04
    91  0.90090000              32000  7.4449718790822739E-04
    92  0.91080000              32000  7.4448481632668605E-04
    93  0.92070000              32000  7.4447266199086733E-04
    94  0.93060000              32000  7.4446070600494197E-04
    95  0.94050000              32000  7.4444892023359092E-04
    96  0.95040000              32000  7.4443730798038146E-04
    97  0.96030000              32000  7.4442587991774983E-04
    98  0.97020000              32000  7.4441466735163315E-04
    99  0.98010000              32000  7.4440365588992184E-04
   100  0.99000000              32000  7.4439280288481774E-04
   101  0.99990000              32000  7.4438212796948118E-04
   102   1.0098000              32000  7.4437159706626814E-04
   103   1.0197000              32000  7.4436120971170896E-04
   104   1.0296000              32000  7.4435103350519122E-04
   105   1.0395000              32000  7.4434108938759556E-04
   106   1.0494000              32000  7.4433137819206955E-04
   107   1.0593000              32000  7.4432190400182808E-04
   108   1.0692000              32000  7.4431263124258567E-04
   109   1.0791000              32000  7.4430353153235489E-04
   110   1.0890000              32000  7.4429465286692984E-04
   111   1.0989000              32000  7.4428599796402145E-04
   112   1.1088000              32000  7.4427758767166654E-04
   113   1.1187000              32000  7.4426943263815684E-04
   114   1.1286000              32000  7.4426150756889704E-04
   115   1.1385000              32000  7.4425383430120045E-04
   116   1.1484000              32000  7.4424640739585539E-04
   117   1.1583000              32000  7.4423917633256362E-04
   118   1.1682000              32000  7.4423212489421351E-04
   119   1.1781000              32000  7.4422528731548743E-04
   120   1.1880000              32000  7.4421866220024239E-04
   121   1.1979000              32000  7.4421223554185561E-04
   122   1.2078000              32000  7.4420602155992732E-04
   123   1.2177000              32000  7.4420003314472772E-04
   124   1.2276000              32000  7.4419421404626866E-04
   125   1.2375000              32000  7.4418854061847318E-04
   126   1.2474000              32000  7.4418302250371031E-04
   127   1.2573000              32000  7.4417766389218271E-04
   128   1.2672000              32000  7.4417250004302844E-04
   129   1.2771000              32000  7.4416755746729011E-04
   130   1.2870000              32000  7.4416280409037787E-04
   131   1.2969000              32000  7.4415815557366015E-04
   132   1.3068000              32000  7.4415364888972429E-04
   133   1.3167000              32000  7.4414932861866455E-04
   134   1.3266000              32000  7.4414522726682557E-04
   135   1.3365000              32000  7.4414139215038728E-04
   136   1.3464000              32000  7.4413776490550977E-04
   137   1.3563000              32000  7.4413432116276676E-04
   138   1.3662000              32000  7.4413104876818489E-04
   139   1.3761000              32000  7.4412793302424556E-04
   140   1.3860000              32000  7.4412501779227416E-04
   141   1.3959000              32000  7.4412229766128500E-04
   142   1.4058000              32000  7.4411975616119909E-04
   143   1.4157000              32000  7.4411738553608470E-04
   144   1.4256000              32000  7.4411520069972241E-04
   145   1.4355000              32000  7.4411321005934884E-04
   146   1.4454000              32000  7.4411136407763945E-04
   147   1.4553000              32000  7.4410966113681930E-04
   148   1.4652000              32000  7.4410808206921779E-04
   149   1.4751000              32000  7.4410664068702570E-04
   150   1.4850000              32000  7.4410536240045871E-04
   151   1.4949000              32000  7.4410420450102710E-04
   152   1.5048000              32000  7.4410317961876699E-04
   153   1.5147000              32000  7.4410233339831260E-04
   154   1.5246000              32000  7.4410169798164985E-04
   155   1.5345000              32000  7.4410127338676293E-04
   156   1.5444000              32000  7.4410104453954962E-04
   157   1.5543000              32000  7.4410099481610897E-04
   158   1.5642000              32000  7.4410113664909064E-04
   159   1.5741000              32000  7.4410145936856190E-04
   160   1.5840000              32000  7.4410193378267396E-04
   161   1.5939000              32000  7.4410257920450051E-04
   162   1.6038000              32000  7.4410341915643176E-04
   163   1.6137000              32000  7.4410447088728792E-04
   164   1.6236000              32000  7.4410569125725804E-04
   165   1.6335000              32000  7.4410704664597488E-04
   166   1.6434000              32000  7.4410852727739216E-04
   167   1.6533000              32000  7.4411012735767896E-04
   168   1.6632000              32000  7.4411183899885454E-04
   169   1.6731000              32000  7.4411367037357590E-04
   170   1.6830000              32000  7.4411564480633121E-04
   171   1.6929000              32000  7.4411775709287795E-04
   172   1.7028000              32000  7.4412004143738328E-04
   173   1.7127000              32000  7.4412248518414335E-04
   174   1.7226000              32000  7.4412507792678980E-04
   175   1.7325000              32000  7.4412782693507600E-04
   176   1.7424000              32000  7.4413073520258682E-04
   177   1.7523000              32000  7.4413381960979552E-04
   178   1.7622000              32000  7.4413708875480469E-04
   179   1.7721000              32000  7.4414052472874712E-04
   180   1.7820000              32000  7.4414410591565078E-04
   181   1.7919000              32000  7.4414783339278622E-04
   182   1.8018000              32000  7.4415170145898895E-04
   183   1.8117000              32000  7.4415571867215242E-04
   184   1.8216000              32000  7.4415983028308977E-04
   185   1.8315000              32000  7.4416404550703072E-04
   186   1.8414000              32000  7.4416838302518603E-04
   187   1.8513000              32000  7.4417281109174160E-04
   188   1.8612000              32000  7.4417728971647526E-04
   189   1.8711000              32000  7.4418179751203732E-04
   190   1.8810000              32000  7.4418636076201074E-04
   191   1.8909000              32000  7.4419097798146441E-04
   192   1.9008000              32000  7.4419564562132497E-04
   193   1.9107000              32000  7.4420031861199213E-04
   194   1.9206000              32000  7.4420499507439619E-04
   195   1.9305000              32000  7.4420968328765954E-04
   196   1.9404000              32000  7.4421436727603119E-04
   197   1.9503000              32000  7.4421901251171493E-04
   198   1.9602000              32000  7.4422362877414226E-04
   199   1.9701000              32000  7.4422822113529388E-04
   200   1.9800000              32000  7.4423277668031853E-04
   201   1.9899000              32000  7.4423728513900705E-04
   202   1.9998000              32000  7.4424171993662765E-04
   203   2.0097000              32000  7.4424608108688097E-04
   204   2.0196000              32000  7.4425033373166569E-04
   205   2.0295000              32000  7.4425455348225695E-04
   206   2.0394000              32000  7.4425876784552363E-04
   207   2.0493000              32000  7.4426297054261588E-04
   208   2.0592000              32000  7.4426713769779431E-04
   209   2.0691000              32000  7.4427122418813975E-04
   210   2.0790000              32000  7.4427522388997099E-04
   211   2.0889000              32000  7.4427912730723510E-04
   212   2.0988000              32000  7.4428298680758202E-04
   213   2.1087000              32000  7.4428681509087515E-04
   214   2.1186000              32000  7.4429062670444354E-04
   215   2.1285000              32000  7.4429443351445106E-04
   216   2.1384000              32000  7.4429827855883909E-04
   217   2.1483000              32000  7.4430215022649549E-04
   218   2.1582000              32000  7.4430603063432355E-04
   219   2.1681000              32000  7.4430994978035014E-04
   220   2.1780000              32000  7.4431389090878547E-04
   221   2.1879000              32000  7.4431787523605874E-04
   222   2.1978000              32000  7.4432192336249578E-04
   223   2.2077000              32000  7.4432599467804913E-04
   224   2.2176000              32000  7.4433006465509624E-04
   225   2.2275000              32000  7.4433414860238477E-04
   226   2.2374000              32000  7.4433825530239119E-04
   227   2.2473000              32000  7.4434238051747674E-04
   228   2.2572000              32000  7.4434649091401647E-04
   229   2.2671000              32000  7.4435060475385969E-04
   230   2.2770000              32000  7.4435472674071429E-04
   231   2.2869000              32000  7.4435883490486191E-04
   232   2.2968000              32000  7.4436291620767097E-04
   233   2.3067000              32000  7.4436700378116896E-04
   234   2.3166000              32000  7.4437114954274783E-04
   235   2.3265000              32000  7.4437536590485809E-04
   236   2.3364000              32000  7.4437966409259351E-04
   237   2.3463000              32000  7.4438401029738681E-04
   238   2.3562000              32000  7.4438838035310005E-04
   239   2.3661000              32000  7.4439276062900094E-04
   240   2.3760000              32000  7.4439716479627921E-04
   241   2.3859000              32000  7.4440155895593775E-04
   242   2.3958000              32000  7.4440589014671183E-04
   243   2.4057000              32000  7.4441020382536320E-04
   244   2.4156000              32000  7.4441449664271458E-04
   245   2.4255000              32000  7.4441874927931530E-04
   246   2.4354000              32000  7.4442297201447966E-04
   247   2.4453000              32000  7.4442716562430895E-04
   248   2.4552000              32000  7.4443130508687594E-04
   249   2.4651000              32000  7.4443531626915713E-04
   250   2.4750000              32000  7.4443920934300165E-04
   251   2.4849000              32000  7.4444300270742122E-04
   252   2.4948000              32000  7.4444674520790630E-04
   253   2.5047000              32000  7.4445046143648344E-04
