1724
871271
200126
928724
2589076
56464
1327343
2690528
1813871
51670
2485105
1876515
1796616
254247
1141889
1681197
1117647
401526
755178
1347902
204669
1616106
1289170
227084
2494373
2058134
2065379
575540
439493
381665
2762759
1874826
429133
45067
1884904
444103
2794021
2731925
1581095
195105
2686094
76022
1848
1926873
1513271
667129
2794346
2651167
424902
195102
2599596
744512
758825
1351755
1740090
1547516
663321
2055947
1437009
1329800
1550024
1517758
877384
35621
2756
2606616
313596
446692
1125979
2054903
1330551
675864
2025310
1965632
679937
2818388
1873462
2034155
1807
595692
1321781
420403
504832
1560201
153494
1859473
560556
1927958
1688
2528964
758803
1123243
1318617
2752307
200253
999423
319970
435
1620392
1317116
1429083
2185284
271160
1120919
1929267
2173175
453
153493
2005457
1162633
1384487
1173111
571254
1467
290397
2570229
2067452
67267
1207057
1981098
400055
2709383
891968
883078
2592816
2569762
760568
2116657
2509455
2768068
2771354
2795690
349124
229919
2083786
1642646
290400
1920129
313612
2026800
1284680
2259620
29363
2592345
281105
1231350
754477
1318743
2587856
2082193
997891
2099377
2303751
2820275
2801330
326297
720554
2292244
3127016
1559339
2041
585524
914128
2723064
2744239
420662
1002672
1639690
454144
34062
1716141
323098
1449976
1005048
1714354
3038558
2488993
60547
649764
1965629
1225564
1415558
2562705
2496867
1855519
1794944
467091
2796472
1690039
2774019
1471761
1123043
66427
1449336
2125990
264203
2047
390270
568872
2847778
123822
2315688
99675
321267
1532905
1223515
317577
1172621
1855315
1194090
2567937
1348853
1646377
264023
712711
1463631
526226
2932248
3051164
2528025
2651334
1862386
1428626
889453
879305
1423742
240521
2737536
1916956
945747
1235279
2583851
1267768
1423810
1401067
114
381751
1181884
172713
515440
861299
388950
324602
419947
1848928
1261633
359391
2991712
2293567
1936081
661481
1531
83219
177439
2045206
2608001
2109626
1345
2070366
622671
1965557
288019
251229
2483111
2587031
1353530
436295
573065
1898111
1521930
2307010
2211140
1285192
1799655
1884876
2507159
2527987
596315
1437875
2528003
2315329
2695267
376733
2829489
1423718
311424
1346330
520762
47917
2170577
1313296
2052574
522484
1385369
2293174
2663237
2692847
2796927
1452508
1903686
2692626
1768196
673318
35763
321317
1095749
1119534
1155722
904294
2107694
2018669
2714353
2728846
2613922
1965616
76114
700015
172042
716813
2765363
1121290
1306179
1499968
1510026
3014561
742726
871652
1795631
658655
96561
443218
525367
2528208
61647
2833585
1792307
1519494
1882399
1131731
46469
1185766
2026751
123214
462372
754514
1078020
193384
1792306
1538553
927661
2293106
94
1891926
1536771
1121865
1793
1353
476652
1736345
1937190
218139
913325
1045855
69362
2675226
1736322
1926491
220714
335541
324606
54
868129
2714939
795359
1784712
2800381
2303992
1386082
76629
2546320
871585
285568
1882773
1577903
1189304
1544798
1965583
2849779
2678616
1348657
2654974
272632
2763676
1094558
755732
2527964
1300345
1526571
1121405
2267231
1476196
927083
179095
169765
432331
88382
2820819
179819
937777
185139
329726
1761803
1871086
57480
93222
279826
441500
1520813
468056
2077091
83401
147207
2082724
2725304
446466
2340915
324925
687388
2940649
2320081
314271
1881045
1236220
2086273
1965642
2661630
745714
2057246
1428652
2596915
1072463
580327
2079791
1765684
2292
2508879
582744
1027249
1384076
2661613
2748379
2681556
2569542
2080747
2728850
1229520
2763055
1736215
1608628
1472761
2717324
2949643
683042
2600177
1458425
621096
1423811
658081
28101
2714926
2163881
1871336
2163172
305900
28091
2709311
1804625
28113
650004
1834198
195088
675817
202750
1287878
857265
2764086
1036674
708126
117157
1458985
205920
1796636
2823693
1393034
392734
2819190
326475
257309
2810514
655355
1807500
272624
374606
586230
249189
1825523
1548457
2758565
1276229
86956
593133
2485130
