1736462
418699
2341117
1325564
858
1780376
1616106
2748379
1544867
1962403
1784712
883081
2545719
2807101
230091
2610898
2594795
1629334
1614
173675
1723730
1141874
472055
52696
1133849
1235790
1888195
388408
690850
58340
1653476
1203554
1006576
401053
1965616
29290
160488
1736324
112904
485577
29372
415425
394193
2816474
1289519
1882761
1881045
2780544
313594
398053
880070
2587121
1497020
2086263
42881
1207063
88382
941907
1385513
1520820
2704465
2692916
1566279
2282655
2014920
142842
2707005
2170577
2072847
940190
2029983
2528033
979970
1077974
2074
1985172
1219065
223283
2681766
1009682
3079053
999423
664692
1385512
1962908
2202148
2293093
1121345
2599600
188906
670289
331111
1490290
2951981
2594882
568703
1434837
254357
694327
1487951
1122214
1550579
1122184
1179773
1837929
2008672
2692769
2572576
272560
642780
2036206
2491059
1889772
887898
2595054
53371
1623582
2086571
569882
1423758
137838
2489174
554312
228410
1123282
1408889
2211142
2599619
2292269
37928
2770274
1403540
1727164
243365
2606906
420403
52
1714344
1214242
1286094
2763317
2814292
2315329
661483
1121442
1628148
693977
2058175
1211806
1916956
648752
59748
2116701
1873464
1133569
2292705
384678
43667
2489054
1581138
2527990
2661613
710394
1000566
56107
1357935
470146
2133944
233413
1896222
344609
555793
585397
943830
1739111
496833
1128970
311402
216932
1547283
880071
415747
68221
121290
1776758
2691959
630515
2174842
1122219
858640
267362
1403320
395965
455361
419477
2250580
529704
502682
2758564
856793
627192
312153
1465486
1499687
458836
320497
1299998
1257043
741277
112248
1736431
582402
572419
2419778
1850347
640330
2583219
28172
2494373
1564516
337702
1262585
1523417
493475
1945862
254406
1385514
1612
1123000
516698
2231112
157465
1837344
29311
621374
292913
938405
2530453
490185
1030157
86106
638953
2233542
575609
1429916
269536
295405
1523621
3019553
1203622
673862
242163
1807500
41431
1194090
1872138
